-4.403 1
-7.81 1
-2.183 1
-0.101 1
-0.099 1
-6.34 1
-1.646 1
2.256 1
0.664 1
1.359 1
-1.033 1
-2.874 1
1.091 1
-0.306 1
-5.356 1
-3.135 1
-2.684 1
-0.745 1
-2.081 1
2.637 1
3.422 1
-11.095 1
-8.527 1
-0.229 1
-5.396 1
1.096 1
2.514 1
5.392 1
1.404 1
-3.14 1
2.841 1
-0.735 1
-6.368 1
-1.309 1
-8.94 1
5.657 1
-4.332 1
-6.62 1
0.666 1
-1.658 1
-10.14 1
4.594 1
-1.118 1
-1.033 1
-0.257 1
-2.774 1
1.706 1
-4.312 1
3.285 1
8.045 1
-5.364 2
-1.254 2
-3.925 2
3.68 2
-4.598 2
1.166 2
2.881 2
2.621 2
-0.876 2
0.594 2
8.061 2
3.876 2
6.953 2
8.603 2
3.893 2
2.219 2
-0.786 2
-1.083 2
5.434 2
5.696 2
0.366 2
-0.37 2
0.662 2
-1.181 2
2.152 2
2.44 2
-0.689 2
-7.315 2
-0.877 2
5.451 2
-8.993 2
0.204 2
-6.77 2
3.051 2
-1.276 2
-2.937 2
3.678 2
2.502 2
-7.148 2
-4.808 2
-6.26 2
-0.829 2
-7.121 2
-2.933 2
2.058 2
0.822 2
2.383 2
5.835 2
-0.685 2
4.571 2
