-0.345 -0.668
1.26 -0.705
1.098 -0.181
-0.106 2.08
-1.071 0.245
1.263 0.441
1.647 0.067
0.955 0.901
1.96 -0.279
2.249 2.061
0.647 0.243
0.173 -1.017
0.27 0.396
0.095 0.192
1.485 0.464
1.032 -1.4
-0.528 0.629
0.516 0.074
2.541 -0.582
1.79 -0.506
-1.574 1.368
-0.723 -0.839
0.15 -0.632
0.811 1.135
0.601 1.231
2.041 -1.208
0.576 0.659
1.378 1.282
0.348 -0.261
-0.13 0.609
-0.135 1.149
1.734 -0.374
2.563 -0.128
2.385 0.624
1.383 0.775
2.882 0.568
1.946 -0.294
2.038 0.279
0.47 0.512
0.803 -0.716
2.072 1.472
0.305 0.978
0.891 1.683
1.753 2.786
-0.429 1.135
1.02 0.476
0.219 1.212
0.671 0.812
1.049 0.258
0.39 0.786
