-0.241 1.403
-2.172 -3.298
0.108 2.253
-0.671 0.356
-0.027 1.923
0.239 2.572
0.146 2.346
0.883 4.139
-0.535 0.686
0.329 2.791
-0.339 1.164
-1.726 -2.213
-0.6 0.529
-0.813 0.01
-0.728 0.216
2.308 7.608
-0.517 0.731
-0.546 0.661
-1.592 -1.885
-1.758 -2.29
-1.631 -1.98
0.838 4.029
-0.215 1.467
-0.164 1.591
0.442 3.067
-0.013 1.957
-0.651 0.404
0.002 1.996
0.652 3.577
-0.495 0.784
0.633 3.53
-0.937 -0.292
-1.127 -0.754
-0.211 1.475
-0.215 1.466
0.834 4.021
-0.467 0.853
2.233 7.426
0.298 2.716
0.252 2.603
0.354 2.851
1.213 4.942
-0.239 1.407
-1.828 -2.46
1.163 4.82
0.674 3.631
-0.728 0.217
0.575 3.39
0.988 4.395
-1.487 -1.63
