0.732 -2.827
0.237 -2.25
-0.239 -1.696
-1.083 -0.715
0.544 -2.608
-1.348 -0.407
1.8 -4.069
0.482 -2.535
0.65 -2.731
-1.31 -0.451
-0.49 -1.405
-0.633 -1.238
-1.346 -0.409
1.0 -3.138
-0.803 -1.041
-1.168 -0.616
0.385 -2.422
1.036 -3.18
2.275 -4.622
-0.542 -1.344
0.563 -2.63
0.175 -2.178
-0.797 -1.048
0.758 -2.856
0.264 -2.282
0.947 -3.076
-0.498 -1.395
0.8 -2.906
1.603 -3.84
0.481 -2.534
0.75 -2.847
-1.054 -0.748
0.188 -2.193
1.12 -3.277
0.001 -1.976
-0.076 -1.886
-0.555 -1.329
0.662 -2.745
-0.114 -1.842
0.997 -3.135
0.078 -2.065
0.398 -2.438
-1.017 -0.791
-1.293 -0.471
-0.048 -1.919
0.609 -2.683
1.465 -3.679
-0.459 -1.44
0.969 -3.102
-0.546 -1.34
